lat_north = 42.360264
lat_south = 42.354150
lon_east  = -71.080067
lon_west  = -71.094223
datum_lat = 42.358501877
datum_lon = -71.087454052
